============================================================
Section 1: Baseline CNN Model Results
============================================================

Dataset Split:
  Training: 70% (35,000 images)
  Validation: 15% (7,500 images)
  Test: 15% (7,500 images)

Training Results:
  Final Train Accuracy: 79.17%
  Final Val Accuracy: 70.33%

Test Performance Metrics:
  Accuracy: 0.6985 (69.85%)
  Precision: 0.7085
  Recall: 0.6985
  F1-Score: 0.6957

Confusion Matrix:
[[553   2  57  13  20   4   3  10  34  36]
 [ 23 526  12   4   7   4   8   2  20 155]
 [ 35   1 471  22 112  34  46  45  10  17]
 [ 17   1  57 274  91 109  46  60  11  31]
 [ 15   1  48  19 539  12  16  64   5  11]
 [  2   5  45  85  75 419  31  79   5  13]
 [  2   1  40  27  71  12 575   9   5   7]
 [  7   0  18  14  70  20   6 623   2  19]
 [ 61  14  18   5   9   1   7   7 600  30]
 [ 21  12   5   3   5   6   4  20  13 659]]

============================================================
